intrinsic:
702.3551952965404 0.0 660.8212328222131
0.0 703.0823834794118 330.967828007338
0.0 0.0 1.0
distortion:
0.09119711389002118 -0.10748201730113727 0.0 0.0 0.0
