intrinsic:
668.7835504712409 0.0 656.749616087427
0.0 667.7343413471369 341.9501882542824
0.0 0.0 1.0
distortion:
0.08551549461747897 -0.08088692967437763 0.0 0.0 0.0
